[PCB]
TB = 20
TR = 155
BT = 20
BR = 155
Total = 30.000000    
Passed = 22.000000    
Rate = 0.733333    

[Calib CToR]
value = "0.000361,-0.048410,0.000000,-0.049718,-0.001205,0.000000,23.125021,524.491882\0D\0A"

[CamRef]
x = 1173.941406
y = 668.527710
Angle = 88.431259

[RobRef]
x = 23.125021
y = 524.491882
Angle = 0.221574

[RobSnap]
x = 106.077721
y = 528.317444